N =252
M =454

L_ = [...
    48    18    13   179    38    46   138   126     1    28    23    10    33    97   128   151   103   120    20     6;...
     1     2     5    45     4    47     1     7     9     3     6    11     7    11    12    15     2    20    21    24;...
   138   103   234   217   227   195   199   152   199    74   101    97   126   128   177   201   130   164   164    96 ...
     ];

L_ = [L_,[... 
    24     2    21    75    98    26    27    11   134     5    14    17    19    29    73    30   124    34    35    43;...
    25    19    22    25    26    27    28    12     5    14    15    18    20    30    30    31    34    35    36     8;...
    75   130   154    98   148   148   148   128   212   212   151   127   120    73   150   150   216   216   162   131 ...
    ]];

L_ = [L_,[...
    36   137   172     4    39   102   131     8   129    44    32     7    45   133   185   154   208   160   163   158;...
    37    37    38    39    40    43     8    44    40    45    33    34    46    49    63    22    79    50    49    52;...
   137   172   227   183   129   131   184   184   186   179    94   152   217   189   215   213   231   161   178   246 ...
    ]];

L_ = [L_,[...
   161    74    91   141   142    93   141    99   115   119   174    40   122   121   125   117   193   163   145   205;...
    50     3    56    51    51    57    59    51    52    54    53    41    53    54    66    55    56    79    56    89;...
   232   104   193   146   207   139   214   142   235   208   230   186   174   243   158   226   206   244   149   232 ... 
    ]];

L_ = [L_,[...
    15   133   216   145   168   166    31   204   127   114    95     3    25    75   100    92    74    73    93    95;...
    16    76    35    89    55    61    32    57    70    65    58    29    26    58    59    69    59    59    67    72;...
   201   156   219   206   233   228   147   210   140   193   142   104    98   153   146   144   100   104   207   153 ...
    ]];

L_ = [L_,[...
   165   187   159   161   117     9   159   176   154   110   117   103    16   136   140   157   137    41    47   198;...
    52   111    84    64    63    10    61   121    91    62    76    70    17    60    54    60    77    42    48    68;...
   224   215   173   238   221   196   248   243   164   236   170   127   192   175   167   247   242   132   191   233 ...
    ]];

L_ = [L_,[...
   166   102   121   122   127   157   120    95   124    94   205    96   194    59   139   141   143    94    98   135;...
    86    68    62    62    81    82    65    67    64    33   114    72    57    73    89    92    93    69    71    72;...
   189   132   202   239   209   171   190   149   182   126   206   101   204   214   145   144   144   147    99   149 ...
    ]];

L_ = [L_,[...
    96    24    12   158   100    58   144    58    99    28   101     6    42   184   123   130    29    59   116   175;...
    75    75    13    66    71    75    93    98    71    74    72    96    43    85    70    19    73    74    78    60;...
   153    96   177   235   148    98   207    99   146   148   135   101   102   245   130   200   104   104   246   241 ...
    ]];

L_ = [L_,[...
   218   170   166   132   139   126    37   181   123   182   156   168   125   195    84   188   164   160   134   115;...
   107    86   106    68    57    90    38    53    80   108    76   131    78   112   113    86    91   110    82    82;...
   248   188   225   198   194   210   172   237   176   204   224   245   199   215   173   251   193   180   177   157 ...
    ]];

L_ = [L_,[...
   116   138   187   169   136    88   225   178   176   180   140   202   160   174    70   190   161   222   197    97;...
    63    78   117   105    81   118   106    49    80   110    70    79    87    79   103   110   108   109   115    66;...
   185   240   226   247   167   175   230   249   236   190   203   208   239   202   130   236   182   242   235   196 ...
    ]];

L_ = [L_,[...
   124    57    18   175    66   177    42   129   120    80   111    68   113   132   136   133   134   118    56    23;...
    90    93   103   118    97    82   102    84    80   123    85   102    84    84    83    86    88    88    91   101;...
   152   143   127   209   128   197   132   159   200   130   179   131   198   186   169   170   171   201   135   135 ...
    ]];

L_ = [L_,[...
   119   169   155   162   185   196   180    67    81    54   150    51    67    58   143    69    51    69    72    67;...
    83    83    77   137   112   125   114    93   127   119    92    99    95    99    69    94   141   143    95   139;...
   167   220   218   242   240   199   205   139   140   167   214   146   142   142   211   211   144   144   149   145 ...
    ]];

L_ = [L_,[...
    71    59    69    32    71    74    56    67   147    31   192   151    34    90    58    72    22   135   218   181;...
   100   141    92    94    98   100   135   145    92   147   118    88   124   126    95    96    23    91    77   109;...
   146   146   147   147   148   148   149   149   150   150   201   212   152   152   153   153   213   213   250   222 ...
    ]];

L_ = [L_,[...
   165    49    60    52   165    78   107   159   181    62   194    87   238    36   178    83    65    21    63   223;...
    76   133   136   115   116   125   159   107    87   110   108   160    64   137   119   119   120   154   116   105;...
   221   249   169   223   246   158   248   183   238   160   232   161   252   162   231   178   164   164   221   224 ...
    ]];

L_ = [L_,[...
   189    86    83    81   188    68   156   223    55    76    82    60   183   172    61   173   222   230    81   171;...
    49   133   136   140   113   131   105   157   117   133   134   157   107   107   159   113   155   106   136    88;...
   229   189   167   167   233   168   220   247   170   170   171   171   227   250   173   251   230   244   175   241 ...
    ]];

L_ = [L_,[...
    62   203    82   177   133    79   195   179    65    50   219   237    90    64    39   129   226    44   112    78;...
   121   123   115    13   156   163   111    85   114   160   109   122   124   161   129   159   168   179   185   116;...
   176   243   197   234   249   231   217   184   180   180   252   239   182   182   183   183   245   184   215   185 ...
    ]];

L_ = [L_,[...
    84    41    85    63    55    86   229    49    80    65   191    48   192    17    56    65    94    89   191    47;...
   129   132   111   117   170   166   163   163   120   180   138   138   127   127   145   164   126   139   112   191;...
   186   186   187   187   188   228   244   229   190   190   240   191   209   192   206   193   211   194   195   195 ...
    ]];

L_ = [L_,[...
    10    66    66   128    68    84    78     9    19    80    88    16    62   122    70    54    90   108    50   108;...
    97   125   128   177   168   132   138   196   120   130   151   192   122   174   123   140   182   194   180   161;...
   196   196   197   197   233   198   199   199   200   200   201   201   202   202   203   203   204   204   205   232 ...
    ]];

L_ = [L_,[...
   114    89    67    51    54   121    81   118    57    90   210   126    88    14    23    91    92    73    63   111;...
   193   205   142   144   121   202   175   192   143   204   143   210   134   151   135   154   141   150   187   195;...
   206   206   207   207   208   208   209   209   210   210   211   211   212   212   213   213   214   214   215   215 ...
    ]];

